profit = 22117, weight = 0
number of candidate photographs = 364
number of selected photographs = 97
1
2
3
2
0
13
0
0
2
0
0
0
13
0
2
0
0
0
13
0
0
13
0
0
0
0
0
0
0
2
13
0
0
2
13
13
0
0
13
0
0
0
0
0
0
0
0
0
13
0
0
0
0
0
0
0
0
0
0
0
0
0
13
2
0
13
0
2
0
0
0
13
0
13
0
0
13
0
13
0
13
2
3
2
1
0
0
0
0
0
0
0
1
0
0
0
3
0
0
2
0
1
0
0
0
3
0
0
0
0
0
0
0
0
0
0
0
3
0
0
0
0
0
3
0
0
2
13
0
0
0
0
2
0
0
13
0
0
0
2
0
0
2
0
0
2
0
3
0
1
2
3
0
1
2
0
1
2
0
0
2
3
0
0
0
0
13
2
0
0
13
0
0
0
0
0
0
0
0
0
0
2
0
0
0
0
0
0
13
0
0
0
0
0
0
0
2
13
0
0
2
0
3
1
0
0
0
0
0
0
0
0
2
0
0
3
0
0
0
0
0
0
0
0
0
0
0
0
0
1
0
2
0
3
0
0
0
0
0
0
0
0
0
0
0
0
0
1
0
2
0
0
0
0
0
0
0
0
0
0
0
3
0
1
0
2
0
0
0
0
0
0
0
0
0
0
0
0
3
1
0
0
0
0
0
0
0
0
0
0
0
0
0
0
0
3
1
2
0
0
0
0
0
0
0
0
0
3
0
1
2
0
0
0
0
0
0
0
0
0
0
0
0
0
0
0
0
0
0
3
0
1
0
2
0
0
0
0
0
0
0
0
0
0
0
0
0
0
0
0
2
3
0
1
2
3
1
3
2
1
2
13
0
13
