profit = 3078, weight = 0
number of candidate photographs = 200
number of selected photographs = 61
3
2
1
2
0
13
0
2
0
0
0
0
13
2
0
0
0
0
13
0
0
13
0
0
0
0
0
0
0
2
13
0
0
2
13
0
0
13
0
0
13
0
0
0
0
0
0
0
0
0
13
0
0
0
0
0
0
0
0
0
13
0
0
2
0
0
13
2
0
0
0
13
0
13
0
13
0
0
13
0
13
0
1
2
0
0
0
0
0
0
0
0
2
0
0
0
3
0
1
0
0
2
0
0
0
3
0
0
0
1
0
0
0
0
0
0
0
3
0
0
0
0
0
3
0
3
2
0
0
0
0
0
2
13
0
0
0
0
0
2
0
0
2
13
0
2
0
3
0
0
1
3
0
2
1
0
2
0
13
0
0
2
13
0
0
0
0
2
0
0
0
1
3
0
0
0
0
0
2
0
0
0
0
0
0
0
13
0
0
0
0
0
0
0
0
13
2
0
0
13
