profit = 115, weight = 0
number of candidate photographs = 309
number of selected photographs = 96
1
1
2
1
0
1
3
1
2
3
2
3
13
0
0
13
0
0
0
13
0
0
0
0
13
3
1
3
2
3
1
2
1
0
0
0
0
3
1
0
0
0
0
0
0
0
0
0
0
0
0
13
0
0
2
0
3
0
1
0
0
2
0
0
0
0
3
0
0
0
0
0
0
2
1
0
0
0
0
3
0
0
0
0
0
0
0
2
0
0
0
0
0
0
0
13
0
0
2
0
0
0
0
0
0
0
0
13
3
3
3
1
0
2
0
2
3
0
2
2
1
3
2
1
0
0
1
0
0
0
0
0
3
0
2
1
0
2
1
3
2
1
0
0
0
0
0
13
0
0
0
0
0
0
13
0
0
0
0
0
0
0
13
2
2
2
0
2
0
2
2
0
0
3
1
0
0
0
0
0
0
0
0
0
0
0
0
0
2
0
0
3
1
0
0
0
0
0
0
0
0
0
0
0
0
0
2
0
0
3
1
0
0
0
0
0
0
0
0
0
0
0
0
0
2
0
0
3
1
0
0
0
0
0
0
0
0
0
0
0
0
0
2
0
0
3
1
0
0
0
0
0
0
0
0
0
0
0
0
0
0
0
0
2
0
0
3
1
0
0
0
0
0
0
0
0
0
0
0
0
2
0
0
3
1
0
0
0
0
0
0
0
0
2
0
0
3
1
0
0
0
0
2
0
0
3
0
1
2
